26 94 12 15 7 5 1 58 81 37 94 13 36 15 25 32 76 0 62 14 55 27 34 59 73 82 61 51 23 2 61 24 0 48 80 75 22 12 28 95 7 49 18 49 52 86 5 51 57 72 19 69 82 46 93 71 94 99 24 34 62 46 55 87 22 60 31 75 27 28 73 13 66 62 70 93 88 14 50 49 48 86 3 40 24 84 28 61 47 64 42 97 30 29 62 96 39 6 73 43 
87 73 8 21 41 28 93 12 22 43 60 87 30 57 12 75 89 54 82 0 99 56 1 65 44 44 99 12 92 33 44 89 92 15 8 77 65 46 95 92 91 67 14 71 10 45 86 12 56 87 34 26 60 2 17 84 32 41 0 1 37 42 76 55 52 15 30 32 0 42 90 15 76 30 18 39 77 30 86 23 82 65 44 20 15 48 59 34 0 67 70 96 60 6 6 94 30 4 15 28 
72 34 39 7 42 16 30 67 20 7 29 90 18 27 66 51 61 60 11 32 18 32 21 44 82 77 52 7 6 60 71 35 55 13 80 19 10 58 54 28 2 80 8 90 72 32 91 66 45 21 21 64 93 63 59 99 23 35 54 78 43 66 16 26 28 3 77 56 23 39 70 53 43 15 78 20 2 5 90 73 64 32 51 60 54 99 66 66 11 4 84 23 10 29 86 6 18 78 37 59 
75 18 71 90 17 78 60 90 78 64 67 23 15 41 35 21 6 17 59 63 52 7 84 99 34 73 86 91 22 69 84 3 62 31 34 91 8 62 89 13 91 8 18 37 80 49 75 39 12 38 89 41 11 99 45 89 2 88 26 84 68 52 29 96 12 4 12 70 93 44 63 38 18 44 50 89 12 60 55 23 28 28 28 88 78 68 15 45 58 57 84 83 31 73 56 47 97 48 89 11 
38 30 84 21 54 31 91 95 51 18 0 91 61 93 70 94 36 43 19 61 3 18 17 6 59 0 10 67 79 62 16 74 90 70 1 99 78 64 83 19 61 21 97 8 4 47 63 42 33 0 5 80 83 16 31 6 48 84 81 81 4 48 56 66 74 68 28 76 83 95 15 13 95 46 4 95 39 74 58 51 21 12 12 5 71 90 25 0 32 76 15 32 53 35 67 68 57 48 34 64 
41 81 16 98 49 45 33 26 26 88 13 18 58 7 93 39 98 9 79 66 57 20 80 94 3 64 50 87 38 15 50 74 32 73 23 60 29 93 92 59 54 44 41 49 56 19 9 33 20 86 71 35 98 7 44 2 57 69 4 22 24 59 51 10 73 45 65 38 29 39 55 65 54 20 39 88 54 3 45 48 22 57 44 73 56 35 83 89 2 4 18 33 88 20 26 8 30 96 40 88 
76 61 57 49 0 28 80 6 58 68 49 40 58 79 54 12 83 0 41 84 22 75 92 62 56 86 19 96 17 35 22 51 10 26 37 44 81 23 3 28 49 46 68 58 98 5 36 99 75 57 75 75 90 54 74 41 98 19 49 28 73 19 30 50 38 24 49 83 80 41 25 14 27 14 30 27 2 16 11 43 63 3 10 86 1 66 64 81 50 46 53 75 51 30 98 50 17 95 17 86 
67 55 57 73 73 76 65 11 4 66 98 10 39 80 36 63 58 99 13 25 94 53 98 5 68 80 43 68 58 18 26 5 58 42 69 52 4 41 83 79 98 70 72 46 79 90 51 57 2 77 41 76 78 8 43 23 50 86 8 29 80 75 62 74 61 50 71 52 93 24 99 50 26 31 52 19 64 24 72 34 37 18 24 67 28 82 17 97 13 32 9 1 93 94 40 99 92 76 68 99 
58 53 49 69 35 68 70 11 11 61 37 43 58 6 68 89 96 64 37 41 95 89 9 53 59 50 80 76 49 10 25 10 28 29 80 4 87 29 40 84 47 77 31 66 48 31 37 43 67 69 44 1 46 18 13 91 13 32 18 99 9 84 2 15 84 70 6 87 60 58 93 32 88 80 53 9 76 83 23 38 52 91 31 3 62 82 44 22 63 59 57 99 21 62 75 48 45 87 81 24 
76 40 8 38 54 64 91 86 92 22 13 86 78 39 96 60 5 93 66 89 96 42 57 2 36 3 96 36 22 88 4 99 59 40 86 70 6 42 12 90 62 22 84 19 33 97 39 40 99 86 25 67 35 14 79 55 6 26 92 78 69 1 39 28 71 73 97 50 75 11 86 11 53 74 41 59 2 40 25 3 29 22 11 92 54 76 99 4 6 90 24 63 47 39 85 14 47 84 72 76 
64 8 61 13 96 18 14 55 3 44 3 58 78 41 0 87 21 55 52 71 55 84 98 91 8 20 75 33 34 98 45 62 72 65 14 27 12 32 18 12 7 44 10 88 29 28 69 36 92 69 63 7 20 63 65 63 67 17 92 90 92 13 69 91 7 49 15 15 90 72 62 58 66 24 25 72 12 88 8 42 92 20 95 15 42 25 92 29 91 71 36 93 77 54 35 37 54 44 9 97 
6 23 5 53 23 68 96 59 47 75 92 81 18 19 4 93 23 94 11 62 48 65 87 66 0 34 58 78 52 10 2 14 15 38 74 75 18 76 15 48 18 2 74 69 50 34 93 32 21 38 34 64 17 6 80 76 51 9 50 98 95 79 53 79 91 15 32 27 71 6 91 53 41 69 71 51 91 16 35 55 32 54 15 36 54 10 75 2 94 22 77 17 84 84 3 54 91 93 77 11 
60 46 10 35 94 29 4 88 75 66 95 56 69 40 17 50 52 62 93 0 1 80 22 26 81 10 19 3 94 69 1 91 36 38 73 8 72 99 56 82 86 74 13 88 2 23 7 25 26 63 86 81 4 75 19 93 29 80 89 2 91 27 40 86 26 18 78 55 72 44 14 61 20 78 97 45 4 51 42 84 93 64 46 3 60 61 61 19 9 5 51 78 47 27 47 66 20 38 84 91 
35 51 18 35 7 58 25 58 46 12 49 13 52 81 32 60 47 54 27 79 79 44 64 15 49 76 1 53 19 2 91 18 10 74 69 40 40 5 76 77 24 69 85 28 74 51 66 59 31 32 42 21 12 22 60 7 46 19 24 40 88 94 86 15 64 84 90 73 88 28 77 54 27 80 3 23 6 54 34 34 32 2 26 23 14 86 4 19 95 91 89 96 2 89 40 77 85 71 39 88 
41 54 66 63 55 19 12 29 57 49 23 50 49 22 99 49 26 10 93 93 38 49 57 0 38 56 58 74 14 44 6 96 48 1 19 65 13 82 97 77 86 99 53 71 46 36 67 76 19 48 62 1 26 46 14 39 50 8 67 13 56 50 45 61 5 81 96 83 70 15 86 16 21 33 45 42 41 14 12 66 17 77 76 20 36 34 94 31 12 17 48 84 99 12 80 88 61 17 27 22 
64 27 41 79 89 66 21 96 82 73 96 31 62 61 54 42 54 12 98 31 25 87 99 68 73 76 23 43 40 92 59 76 80 86 90 32 38 31 71 84 43 53 61 70 71 88 75 68 3 69 30 98 68 15 5 47 74 10 89 47 92 40 4 46 35 0 23 98 20 71 80 61 14 79 78 70 61 76 2 8 16 11 20 27 34 32 46 84 70 54 31 63 60 77 56 33 98 17 34 71 
24 8 90 25 16 47 71 58 81 93 67 89 65 25 23 20 22 58 38 6 55 81 42 43 11 1 6 88 42 21 6 83 47 18 51 2 18 33 1 58 75 32 11 12 17 92 44 73 39 47 9 74 85 26 13 37 29 33 23 60 9 28 21 15 19 69 17 19 59 17 27 29 70 74 95 63 38 95 80 25 25 6 10 5 22 79 24 48 78 92 84 33 85 93 97 72 1 88 68 70 
5 31 2 84 91 71 70 88 48 31 3 19 97 37 89 12 36 51 41 53 22 8 8 1 48 2 43 20 78 36 31 54 45 58 26 71 33 26 98 72 81 58 29 71 79 36 41 98 16 99 33 8 74 82 89 17 11 58 15 22 33 71 46 82 64 41 15 40 94 50 34 67 94 73 93 69 69 87 6 14 83 5 28 91 34 51 98 36 27 3 68 16 16 78 88 19 36 29 32 76 
57 22 42 54 43 58 18 42 11 16 36 3 48 22 79 4 60 50 64 13 98 30 10 49 41 10 70 22 55 62 81 7 89 50 0 15 50 67 91 89 16 6 7 15 77 46 1 7 64 87 27 44 89 26 1 80 57 28 41 24 56 4 62 44 9 55 56 50 42 56 32 21 85 52 61 44 13 78 44 82 52 82 14 9 43 32 0 99 1 81 88 27 61 0 58 0 12 51 39 96 
5 42 79 8 85 25 32 74 69 61 16 97 90 81 86 71 73 64 16 31 43 39 71 68 78 9 10 23 60 61 50 72 75 95 60 13 17 55 80 84 82 99 97 0 86 46 14 53 27 12 63 2 80 81 60 50 78 38 24 14 28 12 99 25 55 93 84 14 15 21 50 86 62 93 89 41 2 13 21 1 48 28 49 36 94 76 12 12 63 84 52 27 5 78 52 71 21 28 75 72 
74 40 6 93 46 38 51 12 18 28 35 19 41 81 91 19 26 72 66 62 75 0 93 58 9 16 29 39 27 27 6 50 42 31 48 3 16 60 48 83 93 46 43 27 35 90 12 61 76 75 14 36 25 55 1 29 76 83 85 52 20 25 18 90 90 67 94 70 96 23 39 94 51 2 18 24 15 75 11 45 29 92 34 51 46 42 61 23 76 57 84 97 28 0 58 16 3 38 66 6 
0 32 74 40 92 64 90 86 49 72 29 51 62 77 0 43 76 48 21 66 60 42 46 46 33 59 46 13 91 62 37 16 42 33 91 86 19 67 50 21 3 56 67 77 30 36 78 17 60 57 14 0 14 91 23 24 21 53 47 99 36 98 53 33 97 84 51 24 77 65 78 98 85 20 44 53 23 71 41 60 86 15 92 35 27 5 5 81 57 87 57 4 31 93 83 16 98 8 26 62 
80 88 42 41 10 45 73 83 26 13 58 43 97 32 68 3 32 66 72 9 85 71 19 11 93 77 76 85 37 88 0 74 13 24 78 7 83 17 48 34 10 48 56 98 16 80 5 85 26 99 31 21 92 76 54 79 61 3 20 3 64 77 72 50 79 93 39 71 67 87 56 42 71 68 19 44 89 64 3 75 33 35 45 95 55 8 35 16 30 62 21 25 51 76 72 27 16 63 5 14 
41 60 45 88 38 79 3 93 90 72 4 60 60 82 83 61 78 89 82 82 90 8 53 39 87 94 52 35 62 33 68 16 76 89 39 99 10 95 59 89 95 84 5 67 68 50 73 1 65 27 45 76 79 91 56 38 87 95 61 78 75 77 12 96 4 27 45 50 16 57 26 64 69 60 25 92 85 35 76 76 81 81 46 19 24 77 66 82 6 21 19 80 97 74 25 7 35 92 57 92 
22 71 60 79 42 22 23 59 11 67 73 5 6 22 78 19 21 57 36 93 7 82 76 83 36 1 81 49 88 17 17 31 17 42 78 74 39 43 70 21 72 29 61 91 31 38 27 55 27 16 38 43 22 70 75 97 27 80 63 62 46 85 72 99 47 89 81 53 90 66 85 67 11 33 81 71 73 35 63 11 15 68 44 25 31 98 13 55 57 25 28 97 81 14 8 81 87 58 22 93 
68 35 31 94 80 31 56 5 92 38 64 24 71 48 98 69 82 89 31 18 77 91 33 93 10 65 84 86 66 44 86 82 1 73 3 47 89 41 57 49 99 59 13 48 96 71 38 1 36 1 89 84 54 85 66 51 31 42 51 49 97 55 40 67 33 24 55 24 15 33 71 37 21 68 37 13 16 83 96 58 98 79 95 73 93 47 17 49 80 78 76 32 78 69 97 27 91 17 13 76 
28 38 10 34 67 87 57 40 97 35 51 59 39 77 18 61 63 94 83 49 14 51 91 84 93 35 91 96 65 60 57 4 86 89 3 30 12 45 29 82 84 28 98 61 10 72 7 0 93 85 58 62 76 55 92 90 34 45 93 48 90 38 13 65 46 3 15 16 23 95 19 21 84 53 3 92 38 48 93 13 40 7 41 68 11 24 95 42 17 31 53 81 75 57 95 64 16 55 50 78 
99 44 9 92 8 93 89 78 57 75 59 39 52 34 63 16 27 65 99 40 55 99 84 34 89 84 14 77 24 78 32 8 58 52 46 11 89 15 98 2 77 13 7 17 89 71 65 59 61 2 41 69 56 36 60 42 22 87 52 11 28 56 89 12 25 93 85 64 18 51 10 84 81 2 70 44 54 26 10 57 44 40 25 44 69 65 64 37 74 17 84 97 34 71 85 48 86 73 17 42 
93 47 1 39 75 84 1 8 78 89 68 33 30 75 74 73 75 90 56 62 46 45 6 51 47 56 11 79 83 76 35 2 75 68 75 39 79 15 32 83 34 80 63 76 47 45 24 17 43 6 59 36 95 23 43 71 4 86 45 80 24 40 32 52 2 36 99 97 19 86 70 61 83 42 77 6 5 60 61 58 30 33 46 38 94 47 47 31 4 87 13 55 20 64 28 76 78 22 32 99 
5 23 91 11 14 17 19 18 56 70 88 81 46 12 6 40 13 29 69 43 42 20 42 89 1 93 71 46 19 37 36 14 58 16 64 97 80 82 14 39 69 67 69 6 35 69 18 79 30 54 32 62 82 5 62 56 34 64 83 42 56 69 74 98 10 97 34 92 41 58 0 16 78 65 63 55 19 47 23 5 57 28 56 43 26 37 31 71 46 64 57 3 22 1 18 34 37 88 18 41 
74 32 54 37 88 58 79 39 5 92 77 31 68 18 45 9 10 82 28 5 92 73 71 27 34 26 75 49 45 46 64 61 82 21 95 34 46 53 23 9 29 39 90 30 35 16 15 49 2 74 78 10 7 63 48 43 39 4 51 93 22 15 9 64 24 0 38 20 48 53 99 97 92 46 25 27 71 72 14 10 57 18 68 83 11 88 82 42 24 14 27 37 23 10 91 4 54 52 75 99 
53 76 66 80 64 2 60 58 3 15 74 59 30 27 23 42 88 39 6 80 45 20 31 34 14 42 76 86 6 23 40 36 51 31 12 25 39 83 92 94 28 58 84 13 22 18 54 33 10 60 69 80 50 58 6 37 70 39 99 47 57 98 56 85 42 73 58 6 91 28 93 45 44 26 89 56 17 61 64 64 71 88 89 70 38 30 59 77 76 17 32 81 58 81 4 85 18 51 23 1 
72 1 7 47 69 92 49 74 29 27 94 4 85 86 4 37 15 41 76 55 42 91 83 46 32 38 10 91 92 36 48 5 41 9 13 36 78 58 42 52 69 84 21 42 86 50 21 71 56 81 20 19 18 62 68 63 72 73 74 6 64 96 38 62 65 53 35 61 45 50 18 98 18 55 56 3 83 15 70 37 43 35 49 34 32 26 10 2 55 7 1 72 94 22 9 30 10 47 94 85 
27 24 29 27 5 56 88 66 69 49 19 31 91 44 36 79 49 1 42 53 57 23 33 79 63 76 57 24 3 42 96 59 96 49 36 50 55 30 88 18 27 34 20 97 6 76 87 19 80 52 13 83 95 84 28 33 17 17 92 36 71 28 14 47 74 15 22 89 57 20 39 96 97 52 71 2 61 6 24 95 19 23 34 89 30 18 75 6 48 19 16 65 37 73 57 37 51 2 80 23 
38 39 25 0 2 32 13 96 10 97 15 17 39 89 12 29 68 79 15 4 8 5 90 31 76 95 31 31 27 48 73 48 62 66 66 77 64 71 63 48 21 19 18 40 45 21 43 53 41 48 44 18 40 57 19 49 77 47 35 62 0 95 26 68 25 54 16 55 25 74 92 53 56 2 74 84 74 68 19 63 63 24 74 77 45 97 80 57 56 51 97 16 37 77 68 3 76 57 32 57 
84 81 0 37 50 32 73 44 16 27 26 36 49 69 51 72 7 13 84 35 39 97 77 24 90 83 88 93 45 44 79 41 31 47 37 98 69 31 23 22 16 45 59 51 61 62 54 38 69 81 20 84 0 61 91 62 48 47 19 26 15 21 71 93 50 64 65 69 25 27 6 82 61 64 72 30 0 13 93 8 4 77 44 5 10 35 31 27 38 96 59 88 60 75 43 94 17 9 19 84 
52 38 99 66 29 94 90 35 62 23 45 1 4 13 79 92 74 27 75 0 38 71 53 13 43 77 4 71 89 67 74 63 87 26 12 63 48 8 65 55 72 77 28 1 73 16 29 20 55 79 39 15 49 3 67 59 33 34 61 43 76 9 18 41 85 21 54 89 91 8 88 76 54 10 58 11 82 2 59 53 86 28 36 27 32 17 10 25 49 60 98 33 16 60 83 64 43 40 24 55 
0 31 65 58 25 7 42 65 22 24 20 89 11 55 67 58 73 54 23 92 37 32 31 36 24 54 34 10 24 72 17 74 37 6 25 10 38 60 75 78 68 71 2 17 69 90 72 69 50 75 87 1 22 66 45 38 57 67 48 73 23 91 76 53 21 18 19 58 24 72 78 48 29 3 6 42 84 56 58 71 85 94 79 65 89 72 3 49 4 95 2 99 26 35 19 78 60 99 47 45 
40 42 40 24 53 31 62 99 12 70 14 29 61 97 89 33 77 15 40 48 77 1 11 13 86 35 31 98 5 38 84 57 30 7 40 64 79 87 78 91 10 68 69 33 10 15 54 41 88 6 29 89 49 9 29 33 69 54 64 86 51 33 81 97 4 57 7 43 44 79 56 83 37 99 38 79 7 21 53 37 59 59 26 57 63 87 88 15 98 67 87 18 87 52 44 36 66 68 63 39 
68 36 63 39 57 30 53 72 47 69 30 72 89 51 71 51 85 99 73 38 15 49 23 31 6 15 71 37 85 78 11 15 36 70 99 39 73 90 49 74 33 43 80 3 40 7 17 13 27 18 54 49 30 44 57 6 48 58 6 12 42 75 64 92 48 65 90 99 10 39 6 18 14 64 38 33 4 77 16 50 29 87 62 34 84 37 25 33 41 86 42 39 5 87 70 56 61 73 13 51 
23 3 39 64 94 56 95 17 96 45 42 51 81 94 26 85 88 89 5 12 87 43 12 34 65 81 98 26 55 26 20 22 20 9 98 36 38 53 83 41 78 64 21 40 6 29 69 99 96 94 36 12 31 46 82 31 99 18 39 81 10 88 59 91 80 21 19 24 62 18 77 20 44 68 45 36 3 30 8 55 8 17 90 86 63 89 43 79 87 13 5 36 82 6 39 93 1 16 6 9 
91 23 74 95 33 19 5 73 51 7 6 89 55 91 90 10 99 4 40 25 46 9 25 4 85 14 49 29 74 37 44 21 30 3 74 39 54 44 46 85 97 64 3 21 0 44 98 67 20 88 57 6 72 55 92 40 10 12 72 82 78 29 65 9 69 10 42 85 26 45 24 92 55 60 0 72 36 8 49 47 7 23 1 44 90 74 38 25 92 26 2 53 82 84 43 79 73 71 37 78 
71 58 22 93 56 21 61 19 58 84 98 86 36 17 7 44 78 35 21 54 84 42 28 95 9 10 71 80 37 40 18 24 12 94 70 39 93 66 63 28 73 74 95 44 7 56 40 25 64 84 91 72 41 21 42 94 76 27 78 66 64 90 76 87 58 95 45 34 91 18 80 73 21 90 28 3 78 17 62 49 55 99 30 88 72 77 8 40 94 2 26 66 72 68 9 56 23 68 45 16 
4 66 70 53 16 67 29 20 12 11 24 17 48 77 61 73 5 42 83 4 92 10 41 66 49 23 6 39 62 6 6 90 40 91 46 20 91 8 57 78 48 27 34 8 67 98 61 44 3 38 5 15 89 8 25 82 15 97 60 82 23 10 67 7 78 63 35 59 17 22 15 74 26 83 27 70 8 3 97 66 95 6 65 6 93 78 40 52 81 40 9 23 16 31 34 28 81 48 31 58 
33 90 82 37 55 89 61 88 55 7 10 78 89 43 3 10 17 51 63 88 9 37 77 86 85 99 15 25 42 0 40 73 91 70 28 43 59 41 20 7 5 74 9 10 4 10 90 0 57 48 19 15 20 40 20 42 40 25 70 6 88 2 94 33 3 6 80 38 36 32 93 20 40 39 2 53 7 19 26 10 61 84 84 60 59 31 97 96 43 82 62 82 92 56 68 0 20 60 13 43 
3 60 15 60 99 62 74 98 29 4 42 18 97 21 22 93 27 23 1 47 9 88 37 42 47 89 2 28 67 48 16 47 42 65 2 91 35 36 73 29 68 56 61 81 5 5 1 82 16 42 95 41 54 18 92 71 11 57 65 92 79 37 54 44 32 30 22 44 63 76 17 16 36 24 65 62 52 87 31 6 87 56 99 7 50 78 67 77 71 79 45 91 38 47 71 2 67 18 89 36 
53 83 32 12 33 12 3 8 73 97 36 64 94 71 50 51 71 89 42 11 29 3 40 78 69 9 19 16 20 95 15 34 0 3 81 85 12 91 6 84 57 92 52 45 82 95 48 13 38 48 0 3 27 22 40 82 12 51 82 65 14 83 87 40 71 54 89 65 6 62 85 5 87 17 46 40 36 32 43 60 1 67 51 14 78 62 70 31 78 46 54 56 11 46 20 13 74 68 11 35 
36 1 59 49 16 10 42 47 50 85 64 83 84 40 19 5 73 37 89 25 82 53 94 92 33 45 76 77 66 55 73 65 80 67 90 49 69 0 2 91 88 76 93 6 45 78 41 3 69 76 64 16 10 14 74 16 33 69 3 83 86 84 41 6 51 41 72 64 16 65 45 57 21 11 73 19 38 20 35 98 63 30 72 80 64 2 68 30 93 10 45 44 95 36 29 47 15 86 84 87 
67 10 82 72 33 40 37 65 71 13 38 93 74 26 38 71 67 10 75 68 23 44 80 73 45 0 7 34 18 87 32 64 33 97 91 97 11 54 32 45 14 31 76 14 85 37 97 37 67 6 89 19 99 31 43 75 64 13 98 54 72 84 2 49 22 69 68 38 61 81 19 92 65 54 89 93 50 58 4 7 18 0 19 3 55 30 6 92 78 41 85 85 61 59 68 98 47 67 54 96 
17 85 70 17 29 11 26 63 86 86 49 42 83 95 84 15 52 98 46 88 52 90 94 51 45 63 39 51 36 32 71 55 69 1 37 85 71 32 61 86 70 78 16 44 1 66 4 48 26 48 37 18 64 69 45 86 53 51 75 85 31 17 57 36 55 22 88 0 68 6 76 46 81 50 53 40 95 17 94 6 48 9 2 11 16 28 62 86 90 18 73 46 91 52 93 84 73 64 70 90 
91 12 8 29 4 42 91 30 99 71 82 41 52 39 95 44 22 78 12 61 0 73 3 65 75 93 88 0 78 26 88 0 15 18 13 83 65 79 75 13 76 69 25 77 88 35 69 98 32 35 88 43 39 37 97 66 21 42 75 3 29 36 85 1 91 92 88 59 87 8 11 49 99 95 67 19 51 6 93 79 8 48 66 82 74 84 11 83 79 12 84 36 32 5 62 95 7 34 60 89 
45 74 37 33 0 52 88 85 25 12 39 83 21 30 13 81 79 42 55 11 14 2 22 63 39 84 53 89 72 31 50 71 56 84 78 46 92 18 96 40 69 81 40 40 2 17 65 47 37 43 46 31 22 87 42 18 2 5 35 94 14 79 55 16 54 76 72 28 7 84 77 71 48 4 28 35 7 30 56 97 85 90 4 92 46 57 24 94 28 12 82 7 79 69 96 0 86 25 18 81 
63 99 67 31 59 50 68 18 68 6 18 58 86 5 30 97 93 5 35 2 85 17 79 12 96 20 2 9 70 50 43 21 34 0 80 49 20 56 26 66 92 63 18 31 20 44 83 15 7 2 52 45 33 9 4 38 11 92 62 68 65 14 2 0 87 81 45 11 14 39 54 82 32 63 82 98 50 39 9 24 58 12 32 42 96 12 26 83 13 85 97 45 26 78 18 33 34 80 98 47 
1 0 27 1 86 9 23 10 47 2 69 17 4 97 16 30 3 91 10 38 10 58 34 63 37 90 34 75 65 32 42 86 64 47 31 4 34 75 1 27 30 75 61 7 70 16 15 74 76 17 21 94 83 36 34 9 18 88 52 33 35 99 47 96 78 20 13 36 58 91 27 60 25 32 25 95 47 32 50 30 76 91 13 9 9 92 30 94 37 86 90 79 34 11 91 63 47 12 26 96 
76 93 51 72 5 8 90 28 63 71 57 9 12 35 63 37 98 79 90 78 37 25 42 59 35 40 85 36 16 26 68 67 65 4 15 43 75 46 64 58 4 35 56 96 21 74 89 75 84 88 23 20 4 71 76 37 37 79 31 77 73 69 47 17 44 46 66 1 40 83 66 42 52 68 21 56 86 90 34 2 76 99 31 72 3 34 66 8 19 91 74 94 58 78 93 87 68 71 56 56 
88 27 72 60 26 23 53 26 41 95 78 56 88 8 99 92 14 48 0 17 8 45 80 50 11 15 97 64 87 70 23 31 66 43 68 7 40 58 61 82 1 84 69 23 27 25 85 51 84 29 57 92 27 91 38 47 20 60 46 49 37 32 52 9 69 40 16 22 78 27 11 16 12 27 18 9 42 54 23 58 36 63 55 8 22 70 32 19 71 84 81 37 81 11 5 98 15 84 63 56 
61 67 72 67 31 74 62 15 62 73 74 90 50 12 72 96 63 7 86 73 57 75 81 46 99 80 71 2 77 36 18 14 93 35 35 74 59 75 62 48 30 56 42 63 86 94 96 17 24 59 95 1 95 85 16 9 90 41 90 77 49 75 44 22 46 85 77 41 80 45 32 92 54 80 54 1 34 67 99 15 46 54 56 27 91 60 32 24 34 34 63 47 58 37 83 64 62 51 46 85 
16 52 46 10 37 47 68 9 76 83 52 80 38 3 80 61 40 87 51 79 37 86 77 59 87 35 67 16 77 93 58 44 34 90 99 69 17 85 76 23 46 15 56 74 25 12 72 94 80 24 7 86 26 77 38 77 94 37 85 56 39 59 67 19 72 51 95 12 57 32 95 73 35 95 2 41 38 27 20 0 11 63 1 71 50 44 64 47 38 18 98 64 72 14 67 16 29 98 99 12 
7 10 59 70 67 34 28 53 98 27 34 18 46 81 26 94 94 17 10 86 56 36 62 4 70 33 4 86 99 61 97 64 62 14 6 25 65 28 98 92 5 80 44 59 89 77 11 50 72 49 43 15 35 59 20 36 48 17 82 9 33 20 87 77 52 43 88 77 27 27 18 58 62 74 24 25 82 98 13 15 26 50 23 3 78 33 26 92 0 52 92 26 83 49 19 86 10 81 52 48 
76 58 98 58 95 44 75 57 5 11 75 60 3 59 90 68 27 36 75 96 73 69 29 24 97 78 91 42 76 95 70 14 12 90 83 96 65 94 91 70 16 72 89 80 20 31 0 39 89 32 9 28 63 54 61 68 99 13 6 25 93 58 65 67 72 53 67 61 17 45 9 80 41 47 43 0 7 55 4 1 58 38 63 27 93 99 72 2 14 99 1 40 74 4 93 85 49 92 54 24 
48 50 84 12 80 8 57 43 26 66 30 23 94 16 97 6 51 78 96 24 52 94 81 45 53 10 22 9 10 10 15 31 46 67 25 20 12 34 35 37 3 75 58 96 49 55 76 53 20 66 8 16 35 73 13 56 94 21 67 27 15 6 0 5 55 43 74 0 44 24 81 95 63 36 12 17 2 74 92 44 62 20 18 70 47 14 75 78 40 78 86 21 76 12 58 5 50 96 14 8 
90 15 44 48 11 66 53 70 62 93 46 61 81 61 27 75 60 90 75 47 98 18 7 51 4 34 68 29 61 27 77 43 79 37 60 12 67 49 37 79 9 70 54 12 78 61 51 96 14 36 69 38 58 90 39 72 61 68 7 34 4 24 31 85 35 34 20 0 98 26 47 38 81 99 83 89 84 74 4 19 68 62 23 22 58 44 94 14 85 43 24 55 73 46 39 9 34 62 77 26 
9 23 71 95 47 98 78 79 31 14 77 9 56 13 86 93 3 13 84 53 49 89 23 11 2 89 77 25 35 32 71 7 23 48 13 70 15 5 13 9 74 89 46 70 70 90 90 55 43 40 96 38 53 29 38 6 48 75 10 70 64 48 95 12 44 63 48 73 63 43 83 83 42 92 42 26 13 17 39 49 50 66 36 15 0 18 32 59 89 43 14 96 44 57 35 92 26 48 81 56 
8 89 5 85 15 72 69 67 74 13 86 24 51 1 7 22 77 84 43 67 42 92 65 30 57 6 42 36 12 38 61 58 90 85 42 5 29 95 33 35 16 28 32 69 23 85 90 92 56 18 34 53 83 95 56 58 50 60 0 92 84 81 2 6 79 89 82 55 20 7 63 48 95 30 42 52 81 66 57 55 60 91 17 62 47 92 58 54 71 43 20 44 88 16 48 35 52 34 39 99 
66 9 42 54 9 49 99 24 87 95 64 46 55 87 19 39 26 83 52 41 65 91 22 78 38 80 72 34 32 77 86 23 54 87 2 40 64 66 63 82 81 99 42 76 23 18 54 32 74 94 25 36 80 19 56 95 6 66 42 75 17 60 84 60 34 13 58 23 68 71 88 74 64 42 62 40 58 50 10 94 61 9 76 98 6 72 21 55 39 56 96 47 44 61 2 41 50 13 96 33 
36 20 6 76 84 69 41 77 83 19 91 31 33 69 27 18 56 28 53 52 89 16 52 17 14 99 79 33 48 94 40 35 1 48 64 88 58 63 37 14 57 10 55 19 85 93 24 46 41 87 16 67 97 46 96 64 24 99 39 30 31 68 15 26 20 93 61 28 32 47 95 70 74 56 11 59 94 16 72 3 80 91 61 10 9 10 18 9 46 12 4 66 93 79 5 6 20 59 19 0 
3 76 14 97 66 97 98 96 21 87 68 29 2 23 61 59 67 2 63 78 12 96 92 32 39 42 32 20 84 41 72 19 56 98 59 0 15 28 34 57 31 86 32 99 19 54 23 23 41 87 44 75 24 81 57 80 76 9 84 19 38 8 3 50 86 4 83 27 80 52 46 98 65 73 87 24 59 99 43 47 41 51 19 99 60 63 77 66 39 13 32 34 65 55 94 36 59 71 64 43 
23 42 3 17 1 73 70 26 97 13 36 99 77 44 65 98 76 43 87 37 59 88 99 13 46 76 74 14 43 37 1 7 91 65 68 83 69 92 21 26 84 49 10 25 93 58 37 9 74 8 47 4 94 65 9 11 12 15 67 89 37 83 7 95 70 25 13 97 3 87 61 94 46 38 71 29 34 85 8 9 1 4 25 54 68 48 12 69 47 47 84 55 40 42 92 77 23 52 15 74 
52 82 92 51 23 58 93 71 78 90 16 31 93 88 3 27 30 20 39 45 0 29 96 88 9 47 93 5 83 72 29 43 59 56 81 45 75 51 83 88 89 2 43 63 70 20 8 69 91 8 12 85 39 95 55 98 12 60 70 36 7 83 37 61 18 89 72 33 84 39 3 4 29 67 94 30 77 88 57 67 90 88 72 99 60 75 51 96 56 19 88 93 44 37 41 51 74 30 48 75 
4 98 68 62 12 45 41 64 75 29 98 34 55 63 37 82 51 48 37 63 44 92 23 40 80 23 39 73 85 84 16 51 52 53 24 48 13 81 81 24 16 99 69 30 88 14 68 58 95 63 35 84 33 17 54 24 15 30 4 45 0 94 77 74 70 64 41 83 87 72 67 39 12 21 36 77 16 60 7 36 61 65 33 29 76 77 3 62 7 2 2 13 35 97 72 53 25 84 1 73 
14 60 65 33 52 55 14 68 12 21 69 53 72 1 88 21 27 79 57 16 69 53 98 5 46 29 74 33 75 15 50 76 91 67 3 63 33 85 68 49 2 49 82 24 62 62 99 72 65 72 79 2 90 35 9 29 93 78 7 41 30 20 73 5 33 50 43 38 81 48 42 24 81 97 89 73 54 47 9 16 54 1 62 96 29 57 40 61 90 78 36 79 19 74 65 28 66 36 46 40 
76 37 9 20 9 81 37 62 29 90 11 5 41 23 84 31 92 96 31 92 12 89 80 14 15 10 44 18 8 73 87 36 3 84 46 14 98 32 24 39 66 89 72 27 40 34 52 39 98 97 68 0 91 18 35 40 54 34 59 80 86 85 31 53 9 21 32 61 96 46 42 29 59 58 62 2 91 33 20 95 1 65 77 24 49 60 79 35 79 53 38 74 62 43 27 74 52 78 59 55 
44 18 35 31 80 57 68 26 70 7 8 24 17 59 99 27 65 45 47 53 93 50 79 40 35 23 13 98 87 44 64 91 73 82 19 44 33 3 17 47 65 19 99 15 17 74 83 38 44 49 27 70 53 84 23 11 70 49 72 3 12 86 58 42 7 21 20 10 39 86 98 15 84 93 4 82 3 4 88 21 39 31 59 73 60 96 44 31 58 11 47 93 46 7 48 57 84 18 79 99 
3 27 76 18 55 57 3 7 67 13 80 60 60 62 10 68 88 91 75 11 17 39 46 92 93 6 23 85 95 33 52 80 67 36 38 84 86 88 66 10 62 39 23 67 11 82 86 29 9 80 10 14 33 34 30 23 78 57 57 31 93 86 9 61 74 10 55 33 71 67 72 3 6 49 2 12 3 41 17 12 99 18 34 86 49 41 57 81 43 76 33 93 10 6 79 7 25 74 10 26 
73 14 11 16 74 80 72 93 92 67 38 15 83 72 57 30 0 96 32 47 57 79 67 97 32 42 40 15 73 6 59 92 18 19 33 27 45 51 40 18 31 69 97 65 34 7 34 33 93 82 24 75 71 50 12 30 52 76 9 59 17 46 87 79 41 43 37 56 0 87 14 33 41 80 83 27 17 26 84 55 70 71 83 1 91 0 64 0 77 91 86 10 38 34 67 2 99 84 20 85 
92 52 83 18 17 27 74 90 60 6 17 45 28 70 38 60 88 67 99 61 70 81 17 98 61 42 62 2 52 97 10 93 8 96 35 52 66 55 81 58 99 34 39 37 67 82 79 21 91 6 20 59 58 97 34 83 64 34 48 18 24 33 19 99 94 32 86 72 5 12 17 42 30 27 1 54 72 55 1 96 89 20 80 82 39 85 5 43 36 88 97 75 47 53 59 93 48 12 50 34 
15 72 11 27 3 99 24 38 64 59 69 77 99 37 58 55 13 12 58 46 74 47 58 38 31 5 85 18 16 90 68 79 64 45 94 50 26 78 21 78 69 91 44 85 81 22 75 26 15 3 5 84 16 80 80 43 16 5 23 10 71 64 74 13 27 77 89 35 32 20 56 8 0 15 91 32 68 24 21 9 77 74 5 9 80 16 75 50 1 54 17 47 25 36 33 9 3 85 46 10 
65 38 14 29 16 22 27 92 20 60 59 86 65 54 9 0 95 15 33 47 68 5 25 8 53 92 26 32 59 12 4 46 64 95 19 99 7 14 69 83 13 21 14 42 81 28 64 94 1 10 58 61 77 30 8 70 47 61 85 98 8 53 47 73 81 71 66 61 32 16 62 0 9 35 43 31 9 30 7 2 32 29 21 15 64 6 66 84 79 8 39 34 62 13 72 23 58 72 98 23 
62 62 45 18 56 30 69 77 66 45 8 71 47 95 90 85 78 73 26 9 99 78 8 96 57 84 73 49 82 43 82 64 42 77 38 73 63 83 63 53 49 24 21 53 45 2 44 2 90 93 72 21 49 14 97 81 59 48 98 11 72 91 95 45 32 53 72 38 8 9 77 36 76 16 15 8 76 8 23 16 37 70 76 59 57 5 22 4 28 71 90 81 23 77 21 12 23 58 89 81 
96 78 19 11 74 41 55 27 23 76 53 38 96 78 63 6 64 71 0 13 22 92 95 34 73 14 4 6 88 94 93 37 46 94 41 26 43 53 92 36 38 0 90 86 76 20 54 65 99 7 19 43 44 98 62 64 11 64 72 9 9 46 70 61 0 27 32 11 58 97 43 16 81 91 66 45 90 38 14 81 37 85 10 16 40 11 64 61 35 18 61 94 74 84 19 53 49 16 98 17 
26 25 19 55 35 76 51 24 88 16 30 43 66 65 37 54 96 91 92 43 19 4 25 71 3 93 72 83 49 19 51 48 89 27 97 60 86 82 95 65 10 85 55 57 87 78 40 4 53 50 54 11 89 70 87 91 51 50 84 31 83 50 23 74 8 13 34 25 14 19 22 51 52 38 22 88 67 74 74 65 21 69 72 42 66 86 79 99 46 62 96 55 25 9 96 18 84 60 44 38 
49 71 23 87 2 81 86 78 23 8 77 45 28 92 11 85 77 96 74 73 23 91 82 57 47 16 36 92 6 11 99 80 57 22 89 46 48 65 12 56 23 70 68 35 81 2 19 11 77 3 53 25 80 83 93 54 26 81 21 93 41 93 54 96 78 93 9 20 33 15 49 72 64 21 25 70 49 46 98 49 17 99 19 8 92 75 8 32 33 70 52 75 30 86 52 36 30 94 93 65 
60 1 55 34 21 31 78 41 78 77 5 85 59 82 89 65 25 0 52 51 52 51 76 53 5 60 20 67 86 90 11 26 64 36 25 8 68 28 13 58 64 74 52 28 96 39 46 25 33 45 64 1 93 88 58 36 73 46 22 99 51 62 91 24 6 91 85 25 99 14 1 68 60 22 95 34 49 18 1 49 70 5 30 56 4 90 53 15 22 33 46 24 19 18 20 98 80 6 50 27 
79 66 43 61 19 67 21 67 93 71 23 19 20 9 11 27 58 89 30 7 87 33 58 58 22 14 15 69 11 69 78 75 47 2 57 89 78 72 91 50 23 74 10 81 41 87 46 57 18 62 89 51 38 93 49 30 52 24 62 86 68 53 1 54 12 83 30 51 1 36 5 36 11 17 59 73 64 77 13 88 84 10 19 81 21 72 55 9 6 30 44 69 82 60 96 54 44 71 67 0 
34 57 4 87 26 81 91 29 86 56 27 7 90 25 49 98 54 58 85 48 0 74 16 35 44 35 79 76 16 85 88 17 36 2 37 39 69 25 88 75 53 50 90 10 55 55 33 45 32 18 18 12 5 12 13 37 4 96 77 67 55 15 11 86 23 33 24 52 31 41 29 78 19 43 15 72 68 84 71 25 13 11 95 98 82 99 59 88 87 75 69 84 53 2 33 64 55 98 54 86 
91 46 55 85 69 5 75 32 18 76 53 46 17 83 54 59 30 27 23 61 61 37 36 71 64 19 93 70 10 67 50 53 44 86 98 32 67 52 14 3 85 61 1 19 20 9 54 4 72 21 82 28 84 35 79 15 55 42 93 49 25 76 28 49 55 1 45 33 68 54 0 76 23 51 27 19 6 54 61 69 72 89 23 44 8 10 65 71 92 59 47 24 87 76 89 89 35 6 83 14 
49 75 50 90 25 91 82 24 24 47 87 93 96 26 72 85 29 36 21 43 94 62 68 51 62 55 68 72 6 28 82 71 7 60 15 58 37 54 33 2 8 61 69 83 39 49 48 60 76 97 60 48 8 47 29 93 16 17 94 62 69 24 65 30 99 8 96 2 20 3 38 40 8 54 76 82 35 29 83 56 90 41 20 1 66 93 59 54 73 12 64 94 78 65 6 75 89 17 31 1 
58 7 16 98 59 41 35 85 96 25 50 83 96 12 33 85 5 89 65 96 26 57 75 74 84 33 88 87 54 59 32 44 70 41 84 80 37 56 74 52 87 84 24 61 82 64 37 93 0 53 29 53 81 14 16 77 42 87 62 20 44 7 11 68 85 97 37 95 14 0 21 3 15 8 77 74 12 60 9 56 25 32 79 29 98 96 56 17 76 19 40 81 3 52 31 31 85 8 53 38 
83 46 20 92 75 19 66 57 67 28 83 89 58 38 50 51 91 55 88 17 37 26 77 87 93 89 41 10 38 5 14 12 11 99 17 47 71 3 20 39 92 79 21 96 45 41 54 18 67 26 43 64 52 98 31 72 53 48 71 21 21 84 39 76 11 56 14 31 88 27 83 17 38 85 97 98 19 66 38 59 69 34 10 75 24 39 61 54 48 32 27 41 73 70 53 93 28 91 54 24 
52 61 67 41 58 33 40 48 96 83 91 91 93 38 13 19 62 26 76 50 68 9 48 12 37 87 13 60 88 81 85 27 37 19 44 28 74 87 24 2 75 53 82 34 67 1 77 93 93 11 30 68 12 87 31 97 53 13 69 42 67 49 22 42 23 61 68 55 88 87 20 0 62 12 27 83 58 82 7 46 23 43 32 30 17 4 36 87 13 41 40 46 72 87 97 72 37 74 62 38 
7 9 0 21 61 55 0 95 99 23 82 45 61 73 77 91 86 12 66 78 86 72 73 42 66 34 72 54 31 6 8 23 89 68 42 7 32 3 61 28 84 40 52 17 73 5 50 32 95 9 34 76 38 90 82 26 13 25 35 28 2 47 17 6 68 89 56 39 12 88 75 2 98 79 73 54 12 86 65 47 6 88 32 40 36 68 58 34 29 41 72 89 86 72 97 10 9 73 42 7 
18 37 71 82 76 82 11 39 38 59 19 76 54 67 39 20 52 95 9 13 54 62 5 37 25 93 29 23 47 12 72 66 9 56 40 91 70 67 76 89 8 60 33 65 61 34 86 44 66 29 98 44 93 63 45 95 92 7 31 27 88 9 86 74 56 49 7 40 65 57 55 24 54 42 40 62 69 61 95 3 5 46 70 82 11 26 48 18 34 90 59 1 19 6 63 6 61 36 35 79 
96 25 60 23 15 28 31 60 2 94 52 50 91 81 40 14 43 30 35 11 35 85 80 50 71 53 20 95 69 77 25 90 7 79 38 95 54 31 37 29 54 28 56 85 15 76 12 34 78 66 85 20 96 74 74 80 91 29 18 53 64 80 63 58 89 10 74 69 62 45 37 47 11 23 41 54 21 51 94 90 42 10 37 5 99 83 85 56 38 82 18 43 57 45 68 59 80 76 50 15 
89 66 83 4 16 21 11 11 64 78 0 50 73 35 14 25 54 22 28 84 31 84 46 10 46 50 89 10 53 87 95 30 69 11 97 83 86 5 43 91 70 77 45 30 57 53 0 93 22 17 69 59 50 29 73 23 40 59 33 60 93 45 32 28 69 9 18 55 77 85 59 20 51 29 99 89 4 67 20 24 11 33 83 41 6 55 90 27 81 17 59 93 50 79 52 78 77 99 99 36 
36 48 8 37 84 77 90 81 96 53 58 93 55 65 19 8 28 24 94 42 69 16 93 9 66 37 70 61 52 39 79 68 14 89 10 94 90 5 46 18 63 35 24 70 89 33 19 14 9 43 75 33 24 58 53 99 78 88 90 22 80 48 14 16 21 7 99 3 45 85 90 74 23 42 42 73 72 85 41 71 17 14 3 25 3 84 23 0 5 69 9 4 28 16 31 64 3 35 84 10 
72 9 13 11 80 8 0 59 23 80 75 12 35 96 6 47 3 24 15 44 38 45 48 66 54 90 11 12 96 54 74 93 41 79 14 49 55 5 34 61 8 33 81 97 32 83 12 72 35 23 66 33 49 68 21 35 15 64 8 5 33 83 7 3 63 32 58 77 10 16 27 62 89 5 75 5 25 12 3 11 74 42 33 58 1 24 54 78 6 89 72 88 9 42 72 28 63 48 80 7 
14 55 7 47 47 93 33 28 29 28 38 53 26 42 51 71 28 38 69 20 1 92 24 13 53 75 81 40 66 66 15 73 2 64 2 39 19 17 13 96 31 55 46 39 80 87 60 2 53 87 2 62 44 62 8 53 75 50 67 73 22 74 80 12 73 58 66 5 46 47 26 67 79 31 10 39 78 23 76 33 15 21 56 37 80 71 22 52 55 79 86 45 32 78 82 8 66 61 41 26 
43 40 47 29 31 34 59 50 62 52 58 90 8 91 67 38 41 4 6 12 83 63 45 38 89 73 25 49 52 36 20 47 50 42 31 46 95 99 0 65 43 21 57 70 24 45 28 34 59 43 35 60 3 55 16 20 11 4 83 90 94 24 73 76 44 91 36 89 98 88 79 72 90 46 72 81 78 74 28 93 0 75 87 70 69 81 78 24 62 57 33 94 99 80 99 2 21 76 41 11 
27 55 67 71 87 86 55 25 25 19 48 25 84 95 43 86 59 18 54 11 23 33 95 61 84 86 13 99 70 83 40 11 77 31 32 19 18 74 12 60 25 61 89 22 55 29 55 2 89 86 7 22 48 55 3 36 34 84 11 45 35 45 75 58 94 27 68 55 32 12 36 18 39 29 41 30 55 22 62 7 89 2 23 85 60 50 5 42 92 6 53 59 5 27 86 64 53 58 30 79 
64 8 11 32 48 48 97 46 56 16 46 29 21 69 16 70 91 69 87 30 0 53 36 90 24 82 0 9 17 2 27 92 66 63 40 50 6 15 88 49 28 93 38 93 37 12 65 15 30 43 56 27 4 22 2 64 23 74 13 37 69 89 42 78 54 13 57 34 96 62 18 63 64 64 34 35 97 85 58 59 58 85 0 96 30 95 27 89 37 8 13 87 17 3 76 12 25 94 4 93 
